[?25l[0m [38;2;0;0;0m                             [0m
 [38;2;0;0;0m                             [0m
 [38;2;0;0;0m             [0m [38;2;41;191;237m▁[38;2;31;150;187m▂[38;2;37;186;236m▁[38;2;44;108;130m▁           [0m
 [38;2;0;0;0m          [38;2;23;151;192m▂[38;2;16;179;231m▅[38;2;14;186;242m▇[38;2;9;191;251;48;2;33;193;239m▇[38;2;9;184;251;48;2;10;190;250m▃[38;2;8;180;248;48;2;11;186;250m▃[38;2;9;176;246;48;2;10;182;248m▃[38;2;9;175;246;48;2;12;174;244m╴[0m[38;2;13;166;236m▇[38;2;13;156;228m▅[38;2;18;119;177m▃[0m [38;2;0;0;0m       [0m
 [38;2;0;0;0m        [0m [7m[38;2;11;160;219m▘[0m[38;2;5;180;247;48;2;5;179;246m┊[38;2;3;174;244;48;2;6;185;251m▄[38;2;21;170;232;48;2;6;179;247m▁[38;2;64;202;248;48;2;10;176;243m▁[38;2;66;197;240;48;2;6;173;242m▂[38;2;74;203;246;48;2;9;168;239m▁[38;2;5;163;238;48;2;8;161;235m┈[38;2;5;152;234;48;2;6;162;239m▃[38;2;6;149;233;48;2;7;158;237m▄[38;2;5;144;230;48;2;6;152;235m▃[38;2;4;139;228;48;2;7;147;232m▄[0m[7m[38;2;8;132;219m▝[0m[38;2;18;83;135m▖      [0m
 [38;2;0;0;0m   [0m [38;2;96;201;213m▃[38;2;101;229;244m▅[38;2;95;218;234m▇[38;2;97;229;249m▇[38;2;87;221;246m▇[38;2;76;215;247;48;2;3;159;229m▆[38;2;66;205;245;48;2;5;159;231m▄[38;2;44;180;236;48;2;27;170;236m▁[38;2;37;170;237;48;2;49;187;245m▃[38;2;47;179;242;48;2;59;195;248m▄[38;2;53;184;246;48;2;66;198;250m▄[38;2;60;188;247;48;2;72;199;251m▄[38;2;68;192;249;48;2;51;176;233m▇[38;2;61;184;244;48;2;15;145;223m▅[38;2;25;151;228;48;2;7;135;222m▏[38;2;0;127;224;48;2;3;136;227m▄[38;2;2;123;224;48;2;3;131;226m▄[38;2;0;117;223;48;2;2;125;226m▃[38;2;17;72;123;48;2;2;117;221m▝[0m [38;2;14;41;69m     [0m
 [38;2;0;0;0m  [0m [7m[38;2;90;221;241m▘[0m[38;2;10;189;241;48;2;91;229;251m▁[38;2;19;191;240;48;2;87;226;251m▁[38;2;67;214;249;48;2;84;223;252m▂[38;2;70;214;250;48;2;81;221;251m▄[38;2;66;212;252;48;2;77;217;252m▅[38;2;59;208;252;48;2;69;213;252m▄[38;2;53;204;251;48;2;64;209;252m▄[38;2;52;201;251;48;2;51;191;240m▇[38;2;46;195;251;48;2;29;164;233m▖[38;2;19;145;226;48;2;31;161;234m▄[38;2;27;152;231;48;2;40;168;239m▄[38;2;36;160;237;48;2;48;174;242m▄[38;2;44;166;239;48;2;55;178;244m▄[38;2;49;171;243;48;2;58;180;246m▄[38;2;27;137;219;48;2;52;172;244m▝[38;2;1;103;200;48;2;0;113;217m▖[38;2;0;106;216;48;2;0;114;220m▄[38;2;0;104;216;48;2;0;111;219m▄[38;2;0;103;219;48;2;0;108;220m▅[0m[38;2;20;107;205m▎[38;2;23;88;169m▁    [0m
  [38;2;9;175;229m▄[38;2;3;189;249;48;2;32;112;132m▆[38;2;0;189;252;48;2;1;189;251m┈[38;2;0;187;252;48;2;0;189;252m▃[38;2;0;188;251;48;2;0;186;252m▘[38;2;0;184;252;48;2;19;190;243m▇[38;2;2;182;250;48;2;50;206;249m▆[38;2;9;182;249;48;2;53;204;251m▄[38;2;23;187;249;48;2;45;198;252m▁[38;2;34;190;251;48;2;43;197;252m▄[38;2;29;186;252;48;2;39;192;251m▄[38;2;25;181;252;48;2;35;188;252m▄[38;2;15;141;224;48;2;25;177;249m▝[38;2;12;143;229;48;2;13;131;221m▖[38;2;13;128;221;48;2;24;143;229m▄[38;2;21;139;227;48;2;34;153;234m▄[38;2;30;148;235;48;2;40;160;239m▄[38;2;35;154;238;48;2;42;162;241m▃[38;2;37;153;235;48;2;2;99;201m▅[38;2;41;159;240;48;2;3;98;204m▄[38;2;37;150;233;48;2;1;97;207m▃[38;2;18;114;208;48;2;0;98;212m▁[38;2;0;102;222;48;2;0;101;220m┊[48;2;0;102;223m [38;2;2;103;223;48;2;15;57;107m▆[0m[38;2;10;87;179m▄[0m [38;2;0;0;0m [0m
 [38;2;7;173;230;48;2;13;106;136m▇[38;2;0;186;252;48;2;0;188;252m▄[38;2;0;184;252;48;2;0;187;252m▃[38;2;0;183;252;48;2;0;186;252m▄[38;2;0;182;252;48;2;0;184;252m▄[38;2;0;180;252;48;2;0;182;252m▗[38;2;0;178;252;48;2;0;181;252m▂[38;2;0;176;251;48;2;0;179;251m▅[38;2;0;174;250;48;2;0;176;251m▅[38;2;0;171;248;48;2;13;181;249m▇[38;2;2;168;247;48;2;21;183;251m▄[38;2;9;171;250;48;2;19;179;251m▃[38;2;8;169;251;48;2;15;176;252m▄[38;2;8;166;250;48;2;15;172;251m▅[38;2;9;160;247;48;2;6;144;236m▉[38;2;7;149;242;48;2;4;119;216m▖[38;2;3;113;212;48;2;10;125;221m▄[38;2;11;123;220;48;2;19;136;228m▄[38;2;18;132;228;48;2;26;144;233m▄[38;2;21;139;232;48;2;31;149;236m▄[38;2;25;143;234;48;2;34;153;238m▄[38;2;28;146;235;48;2;36;155;240m▄[38;2;32;151;238;48;2;32;147;236m╴[38;2;30;146;236;48;2;7;97;203m▖[38;2;0;87;201;48;2;0;99;221m▖[38;2;0;97;220;48;2;0;100;224m▃[38;2;0;97;221;48;2;0;100;223m▃[0m[38;2;8;84;180m▋ [0m
[7m[38;2;31;154;196m▋[0m[38;2;0;184;251;48;2;0;183;251m┈[38;2;0;182;252;48;2;0;184;252m▅[38;2;0;180;252;48;2;0;183;252m▅[38;2;0;177;252;48;2;0;181;252m▃[38;2;0;176;251;48;2;0;180;251m▃[38;2;0;174;250;48;2;0;178;252m▄[38;2;0;173;249;48;2;0;176;251m▄[38;2;0;170;248;48;2;0;174;250m▄[38;2;0;167;248;48;2;0;170;248m▃[38;2;0;163;247;48;2;0;167;247m▃[38;2;0;161;246;48;2;0;164;247m▅[38;2;0;159;244;48;2;2;164;246m▇[38;2;0;155;245;48;2;2;162;251m▅[38;2;0;150;246;48;2;2;157;251m▄[38;2;0;145;247;48;2;1;153;247m▄[38;2;0;140;244;48;2;1;147;246m▄[38;2;1;108;213;48;2;1;133;238m▝[38;2;1;116;227;48;2;2;108;213m▂[38;2;1;105;213;48;2;8;121;221m▄[38;2;5;113;218;48;2;14;127;225m▄[38;2;9;119;221;48;2;17;131;228m▄[38;2;13;123;224;48;2;20;135;231m▄[38;2;14;126;225;48;2;22;137;232m▄[38;2;20;134;230;48;2;19;130;227m┊[38;2;1;81;190;48;2;0;87;208m▋[38;2;0;87;209;48;2;0;94;216m▅[38;2;0;86;210;48;2;0;93;217m▄[0m[38;2;5;88;204m▊ [0m
 [7m[38;2;9;171;235m▖[0m[38;2;0;175;249;48;2;0;178;251m▂[38;2;0;174;249;48;2;0;177;251m▄[38;2;0;172;249;48;2;0;175;250m▅[38;2;0;170;248;48;2;0;173;250m▅[38;2;0;168;247;48;2;0;172;249m▅[38;2;0;165;246;48;2;0;169;248m▃[38;2;0;162;245;48;2;0;167;248m▄[38;2;0;159;245;48;2;0;164;247m▄[38;2;0;156;244;48;2;0;160;246m▄[38;2;0;152;243;48;2;0;158;245m▄[38;2;0;149;243;48;2;0;154;244m▅[38;2;0;146;241;48;2;0;151;244m▅[38;2;0;143;240;48;2;0;148;243m▅[38;2;0;135;242;48;2;0;140;240m▝[38;2;0;126;240;48;2;0;131;241m╼[38;2;0;118;237;48;2;0;128;240m▄[38;2;0;115;236;48;2;0;124;239m▄[38;2;0;112;233;48;2;1;99;211m▆[38;2;0;106;230;48;2;0;97;210m▃[38;2;0;94;211;48;2;3;106;216m▆[38;2;0;92;205;48;2;4;108;217m▄[38;2;0;94;206;48;2;6;111;218m▄[38;2;1;76;189;48;2;7;105;213m▄[38;2;0;77;196;48;2;0;71;186m▝[38;2;0;73;193;48;2;0;80;200m▅[38;2;7;51;118;48;2;1;76;192m▁[0m[38;2;10;70;161m▘ [0m
  [7m[38;2;10;148;207m▅[38;2;3;168;242m▃[38;2;4;163;238m▁[0m[38;2;27;84;112;48;2;1;164;245m▁[38;2;26;90;121;48;2;0;162;244m▁[38;2;25;87;118;48;2;0;159;243m▁[38;2;25;84;118;48;2;1;157;243m▁[38;2;23;81;116;48;2;0;153;242m▁[38;2;23;80;116;48;2;0;151;241m▁[38;2;22;79;116;48;2;0;148;240m▁[38;2;22;76;113;48;2;0;144;239m▁[38;2;21;74;112;48;2;0;142;238m▁[38;2;20;72;110;48;2;0;139;238m▁[38;2;20;71;111;48;2;0;135;236m▁[38;2;21;71;112;48;2;0;131;236m▁[38;2;22;71;111;48;2;0;126;234m▁[38;2;22;69;111;48;2;1;117;232m▁[38;2;22;67;109;48;2;1;108;229m▁[38;2;21;65;109;48;2;0;100;226m▁[38;2;21;61;106;48;2;0;95;222m▁[38;2;20;55;101;48;2;0;90;216m▁[0m[7m[38;2;0;85;209m▁[38;2;3;79;197m▁[38;2;4;76;186m▂[38;2;5;68;165m▄[0m [38;2;0;2;3m  [0m
 [38;2;0;0;0m                             [0m
 [38;2;0;0;0m                             [0m
 [38;2;0;0;0m                             [0m
[?25h
